0,135,161
1,-1,-1
2,178,389
3,-1,-1
4,392,541
5,-1,-1
6,563,641
7,-1,-1
8,664,739
9,-1,-1
10,761,809
11,-1,-1
12,812,856
13,-1,-1
14,859,955
15,-1,-1
16,958,998
17,-1,-1
18,1001,1060
19,-1,-1
20,1089,1147
21,-1,-1
22,1171,1241
23,-1,-1
24,1260,1315
25,-1,-1
26,1317,1365
27,-1,-1
28,1387,1440
29,-1,-1
30,1463,1526
31,-1,-1
32,1528,1567
33,-1,-1
34,1569,1648
35,-1,-1
36,1650,1699
37,-1,-1
38,1701,1770
39,-1,-1
40,1772,1812
41,-1,-1
42,1814,1850
43,-1,-1
44,1852,1880
45,-1,-1
46,1882,2010
47,-1,-1
48,2012,2084
49,-1,-1
50,2086,2176
51,-1,-1
52,2178,2258
53,-1,-1
54,2260,2313
55,-1,-1
56,2337,2449
57,-1,-1
58,2452,2485
59,-1,-1
60,2487,2509
61,-1,-1
62,2543,2673
63,-1,-1
64,2695,2729
65,-1,-1
66,2754,2794
67,-1,-1
68,2822,2856
69,-1,-1
70,2879,2915
71,-1,-1
72,2937,2970
73,-1,-1
74,2992,3025
75,-1,-1
76,3044,3086
77,-1,-1
78,3088,3116
79,-1,-1
80,3118,3168
81,-1,-1
82,3170,3241
83,-1,-1
84,3243,3279
85,-1,-1
86,3313,3421
87,-1,-1
88,3457,3568
89,-1,-1
90,3571,3633
91,-1,-1
92,3636,3686
93,-1,-1
94,3688,3759
95,-1,-1
96,3761,3805
97,-1,-1
98,3808,4061
99,-1,-1
100,4064,4351
101,-1,-1
102,4354,4411
103,-1,-1
104,4413,4488
105,-1,-1
106,4491,4572
107,-1,-1
108,4574,4615
109,-1,-1
110,4618,4659
111,-1,-1
112,4661,4698
113,-1,-1
114,4727,4839
115,-1,-1
116,4842,4871
117,-1,-1
118,4918,4950
119,-1,-1
120,4990,5062
121,-1,-1
122,5065,5106
123,-1,-1
124,5135,5206
125,-1,-1
126,5209,5286
127,-1,-1
128,5289,5348
129,-1,-1
130,5351,5525
131,-1,-1
132,5528,5628
133,-1,-1
134,5659,5713
135,-1,-1
136,5715,5784
137,-1,-1
138,5786,5875
139,-1,-1
140,5878,5922
141,-1,-1
142,5924,5974
143,-1,-1
144,5976,6036
145,-1,-1
146,6039,6139
147,-1,-1
148,6141,6222
149,-1,-1
150,6252,6304
151,-1,-1
152,6306,6372
153,-1,-1
154,6374,6396
155,-1,-1
156,6415,6820
157,-1,-1
158,6823,6849
159,-1,-1
160,6870,6904
161,-1,-1
162,6922,6959
163,-1,-1
164,6984,7047
165,-1,-1
166,7049,7133
167,-1,-1
168,7135,7201
169,-1,-1
170,7203,7248
171,-1,-1
172,7275,7361
173,-1,-1
174,7363,7438
175,-1,-1
176,7440,7481
177,-1,-1
178,7483,7512
179,-1,-1
180,7539,7831
181,-1,-1
182,7834,7900
183,-1,-1
184,7902,7927
185,-1,-1
186,7930,8047
187,-1,-1
188,8049,8110
189,-1,-1
190,8112,8187
191,-1,-1
192,8189,8226
193,-1,-1
194,8229,8372
195,-1,-1
196,8374,8431
197,-1,-1
198,8433,8490
199,-1,-1
200,8493,8600
201,-1,-1
202,8602,8662
203,-1,-1
204,8664,8722
205,-1,-1
206,8751,8883
207,-1,-1
208,8885,8911
209,-1,-1
210,8913,8945
211,-1,-1
212,8972,9106
213,-1,-1
214,9109,9163
215,-1,-1
216,9166,9202
217,-1,-1
218,9205,9280
219,-1,-1
220,9283,9331
221,-1,-1
222,9334,9359
223,-1,-1
224,9362,9409
225,-1,-1
226,9411,9455
227,-1,-1
228,9458,9594
229,-1,-1
230,9596,9631
231,-1,-1
232,9633,9665
233,-1,-1
234,9667,9708
235,-1,-1
236,9738,9840
237,-1,-1
238,9843,10002
239,-1,-1
240,10005,10055
241,-1,-1
242,10058,10157
243,-1,-1
244,10160,10244
245,-1,-1
246,10247,10328
247,-1,-1
248,10331,10419
249,-1,-1
250,10422,10443
251,-1,-1
252,10446,10472
253,-1,-1
254,10475,10629
255,-1,-1
256,10632,10690
257,-1,-1
258,10693,10800
259,-1,-1
260,10803,10885
261,-1,-1
262,10888,10981
263,-1,-1
264,10984,11047
265,-1,-1
266,11050,11095
267,-1,-1
268,11098,11177
269,-1,-1
270,11205,11366
271,-1,-1
272,11368,11391
273,-1,-1
274,11393,11434
275,-1,-1
276,11436,11466
277,-1,-1
278,11468,11523
279,-1,-1
280,11547,11751
281,-1,-1
282,11753,11775
283,-1,-1
284,11777,11816
285,-1,-1
286,11818,11846
287,-1,-1
288,11848,11902
289,-1,-1
290,11929,12093
291,-1,-1
292,12095,12120
293,-1,-1
294,12122,12167
295,-1,-1
296,12169,12203
297,-1,-1
298,12206,12281
299,-1,-1
300,12284,12509
301,-1,-1
302,12545,12660
303,-1,-1
304,12694,12818
305,-1,-1
306,12857,13001
307,-1,-1
308,13038,13152
309,-1,-1
310,13195,13370
311,-1,-1
312,13400,13552
313,-1,-1
314,13555,13632
315,-1,-1
316,13635,13663
317,-1,-1
318,13695,13751
319,-1,-1
320,13779,13927
321,-1,-1
322,13929,13976
323,-1,-1
324,13978,14014
325,-1,-1
326,14016,14074
327,-1,-1
328,14102,14253
329,-1,-1
330,14256,14360
331,-1,-1
332,14362,14411
333,-1,-1
334,14438,14550
335,-1,-1
336,14553,14606
337,-1,-1
338,14608,14663
339,-1,-1
340,14665,14739
341,-1,-1
342,14742,14791
343,-1,-1
344,14826,14938
345,-1,-1
346,14940,14996
347,-1,-1
348,14999,15118
349,-1,-1
350,15121,15204
351,-1,-1
352,15207,15268
353,-1,-1
354,15271,15345
355,-1,-1
356,15348,15425
357,-1,-1
358,15427,15478
359,-1,-1
360,15506,15751
361,-1,-1
362,15754,15798
363,-1,-1
364,15801,15902
365,-1,-1
366,15905,15946
367,-1,-1
368,16100,16300
369,-1,-1
370,16323,16351
371,-1,-1
372,16376,16406
373,-1,-1
374,16434,16482
375,-1,-1
376,16502,16558
377,-1,-1
378,16560,16641
379,-1,-1
380,16643,16693
381,-1,-1
382,16724,16794
383,-1,-1
384,16817,16862
385,-1,-1
386,16887,16917
387,-1,-1
388,16934,16989
389,-1,-1
390,16991,17035
391,-1,-1
392,17037,17094
393,-1,-1
394,17096,17118
395,-1,-1
396,17120,17152
397,-1,-1
398,17155,17440
399,-1,-1
400,17443,17653
401,-1,-1
402,17671,17734
403,-1,-1
404,17737,17784
405,-1,-1
406,17809,17885
407,-1,-1
408,17888,17921
409,-1,-1
410,17940,17976
411,-1,-1
412,18001,18159
413,-1,-1
414,18162,18200
415,-1,-1
416,18227,18274
417,-1,-1
418,18309,18366
419,-1,-1
420,18392,18778
421,-1,-1
422,18781,18841
423,-1,-1
424,18866,19066
425,-1,-1
426,19069,19118
427,-1,-1
428,19121,19196
429,-1,-1
430,19199,19229
431,-1,-1
432,19232,19301
433,-1,-1
434,19304,19394
435,-1,-1
436,19397,19449
437,-1,-1
438,19452,19747
439,-1,-1
440,19769,20014
441,-1,-1
442,20042,20271
443,-1,-1
444,20291,20356
445,-1,-1
446,20359,20464
447,-1,-1
448,20467,20550
449,-1,-1
450,20553,20622
451,-1,-1
452,20625,20720
453,-1,-1
454,20723,20769
455,-1,-1
456,20772,20837
457,-1,-1
458,20840,20934
459,-1,-1
460,20937,21005
461,-1,-1
462,21038,21119
463,-1,-1
464,21211,21257
465,-1,-1
466,21288,21338
467,-1,-1
468,21361,21449
469,-1,-1
470,21452,21508
471,-1,-1
472,21511,21556
473,-1,-1
474,21582,21613
475,-1,-1
476,21639,21699
477,-1,-1
478,21701,21767
479,-1,-1
480,21769,21842
481,-1,-1
482,21844,21881
483,-1,-1
484,21883,21971
485,-1,-1
486,21997,22084
487,-1,-1
488,22117,22183
489,-1,-1
490,22819,23054
491,-1,-1
492,23057,23161
493,-1,-1
494,23164,23224
495,-1,-1
496,23227,23360
497,-1,-1
498,23363,23392
499,-1,-1
500,23395,23454
501,-1,-1
502,23457,23511
503,-1,-1
504,23513,23577
505,-1,-1
506,23609,23683
507,-1,-1
508,23686,23770
509,-1,-1
510,23773,23876
511,-1,-1
512,23879,23944
513,-1,-1
514,23947,23999
515,-1,-1
516,24002,24063
517,-1,-1
518,24066,24096
519,-1,-1
520,24098,24129
521,-1,-1
522,24330,24697
523,-1,-1
524,24719,24765
525,-1,-1
526,24787,24862
527,-1,-1
528,24865,24886
529,-1,-1
530,24903,24953
531,-1,-1
532,24955,25027
533,-1,-1
534,25029,25129
535,-1,-1
536,25131,25157
537,-1,-1
538,25217,25302
539,-1,-1
540,25305,25397
541,-1,-1
542,25400,25484
543,-1,-1
544,25487,25569
545,-1,-1
546,25572,25600
547,-1,-1
548,25657,25687
549,-1,-1
550,25709,25755
551,-1,-1
552,25787,25879
553,-1,-1
554,25882,25941
555,-1,-1
556,25959,25981
557,-1,-1
558,25996,26009
559,-1,-1
560,26025,26044
561,-1,-1
562,26074,26126
563,-1,-1
564,26129,26192
565,-1,-1
566,26210,27360
567,-1,-1
568,27363,27410
569,-1,-1
570,27441,28434
571,-1,-1
572,28474,28528
573,-1,-1
574,28531,28586
575,-1,-1
576,28589,28657
577,-1,-1
578,28659,28724
579,-1,-1
580,28726,28794
581,-1,-1
582,28796,28855
583,-1,-1
584,28857,28912
585,-1,-1
586,28914,28975
587,-1,-1
588,28977,29040
589,-1,-1
590,29043,29096
591,-1,-1
592,29099,29152
593,-1,-1
594,29155,29210
595,-1,-1
596,29213,29303
597,-1,-1
598,29306,29518
599,-1,-1
600,29521,29587
601,-1,-1
602,29590,29686
603,-1,-1
604,29689,29711
605,-1,-1
606,29713,29761
607,-1,-1
608,29763,29867
609,-1,-1
610,29882,29959
611,-1,-1
612,29962,30069
613,-1,-1
614,30072,30101
615,-1,-1
616,30104,30120
617,-1,-1
618,30143,30252
619,-1,-1
620,30274,30370
621,-1,-1
622,30373,30604
623,-1,-1
624,30607,30778
625,-1,-1
626,30781,31175
627,-1,-1
628,146,155
629,146,155
630,-1,-1
631,158,160
632,-1,-1
633,194,207
634,213,223
635,229,244
636,250,266
637,272,297
638,303,317
639,323,334
640,340,349
641,190,352
642,-1,-1
643,354,357
644,354,357
645,-1,-1
646,363,388
647,190,388
648,-1,-1
649,438,488
650,490,498
651,500,536
652,-1,-1
653,434,539
654,-1,-1
655,434,540
656,-1,-1
657,580,595
658,600,614
659,619,640
660,580,640
661,-1,-1
662,683,685
663,687,690
664,687,690
665,-1,-1
666,693,699
667,701,702
668,704,713
669,715,726
670,715,726
671,-1,-1
672,729,738
673,-1,-1
674,778,782
675,784,797
676,799,808
677,-1,-1
678,828,836
679,839,843
680,845,853
681,838,854
682,-1,-1
683,838,855
684,-1,-1
685,-1,-1
686,871,892
687,897,906
688,911,924
689,929,954
690,871,954
691,-1,-1
692,974,977
693,979,985
694,987,997
695,-1,-1
696,1029,1029
697,1041,1047
698,1049,1059
699,-1,-1
700,1113,1118
701,1120,1129
702,1131,1135
703,1137,1146
704,-1,-1
705,1190,1201
706,1206,1220
707,1225,1240
708,1190,1240
709,-1,-1
710,1274,1275
711,1277,1290
712,1292,1301
713,1303,1313
714,1303,1313
715,-1,-1
716,1330,1333
717,1335,1344
718,1348,1351
719,1353,1364
720,1330,1364
721,-1,-1
722,1404,1408
723,1410,1423
724,1425,1428
725,1430,1439
726,-1,-1
727,1481,1486
728,1488,1497
729,1499,1504
730,1506,1517
731,1506,1517
732,-1,-1
733,1520,1525
734,-1,-1
735,1542,1552
736,1554,1565
737,1554,1565
738,-1,-1
739,1583,1592
740,1596,1608
741,1582,1609
742,-1,-1
743,1611,1620
744,-1,-1
745,1625,1647
746,1582,1647
747,-1,-1
748,1662,1671
749,1662,1671
750,-1,-1
751,1674,1677
752,1679,1692
753,1694,1698
754,-1,-1
755,1718,1724
756,1726,1737
757,1726,1737
758,-1,-1
759,1741,1745
760,1747,1753
761,1755,1766
762,1755,1766
763,-1,-1
764,1740,1768
765,-1,-1
766,1740,1769
767,-1,-1
768,-1,-1
769,1787,1796
770,1787,1796
771,-1,-1
772,1799,1805
773,1807,1811
774,-1,-1
775,1828,1832
776,1834,1849
777,-1,-1
778,1870,1879
779,-1,-1
780,1908,1933
781,1935,1965
782,1935,1965
783,-1,-1
784,1968,1995
785,1968,1995
786,-1,-1
787,2000,2009
788,-1,-1
789,2041,2047
790,2049,2069
791,2071,2082
792,2071,2082
793,-1,-1
794,2120,2142
795,2144,2174
796,2144,2174
797,-1,-1
798,2211,2221
799,2223,2243
800,2245,2256
801,2245,2256
802,-1,-1
803,2290,2298
804,2300,2311
805,2300,2311
806,-1,-1
807,2357,2371
808,2377,2390
809,2396,2407
810,2413,2428
811,2434,2445
812,2373,2448
813,-1,-1
814,2469,2478
815,2480,2484
816,-1,-1
817,2499,2508
818,-1,-1
819,2572,2586
820,2591,2608
821,2613,2633
822,2638,2653
823,2658,2672
824,2572,2672
825,-1,-1
826,2712,2716
827,2718,2727
828,2718,2727
829,-1,-1
830,2774,2781
831,2783,2792
832,2783,2792
833,-1,-1
834,2845,2855
835,-1,-1
836,2897,2902
837,2904,2913
838,2904,2913
839,-1,-1
840,2954,2958
841,2960,2969
842,-1,-1
843,3009,3013
844,3015,3024
845,-1,-1
846,3058,3059
847,3061,3070
848,3072,3084
849,3072,3084
850,-1,-1
851,3103,3114
852,3103,3114
853,-1,-1
854,3103,3115
855,-1,-1
856,3132,3136
857,3138,3155
858,3138,3155
859,-1,-1
860,3158,3167
861,-1,-1
862,3191,3203
863,3206,3218
864,3220,3224
865,3226,3238
866,-1,-1
867,3205,3239
868,-1,-1
869,3205,3240
870,-1,-1
871,-1,-1
872,3258,3264
873,3266,3277
874,3266,3277
875,-1,-1
876,3342,3370
877,3375,3396
878,3401,3420
879,3342,3420
880,-1,-1
881,3489,3507
882,3509,3532
883,3509,3532
884,-1,-1
885,3535,3555
886,3535,3555
887,-1,-1
888,3558,3567
889,-1,-1
890,3592,3598
891,3600,3620
892,3622,3631
893,3622,3631
894,-1,-1
895,3662,3684
896,3662,3684
897,-1,-1
898,3662,3685
899,-1,-1
900,3714,3724
901,3726,3746
902,3748,3757
903,3748,3757
904,-1,-1
905,3784,3792
906,3794,3803
907,3794,3803
908,-1,-1
909,28,29
910,3832,3849
911,3854,3863
912,3868,3882
913,3887,3892
914,3894,3914
915,3916,3921
916,-1,-1
917,3926,3929
918,3931,3951
919,3808,4061
920,-1,-1
921,359,391
922,3982,4006
923,4012,4035
924,3808,4061
925,-1,-1
926,4040,4060
927,-1,-1
928,3808,4061
929,-1,-1
930,3808,4061
931,-1,-1
932,-1,-1
933,4085,4086
934,4088,4093
935,4095,4110
936,4112,4117
937,-1,-1
938,4122,4125
939,4127,4132
940,4134,4145
941,4147,4152
942,-1,-1
943,4157,4157
944,4176,4181
945,4187,4210
946,4216,4238
947,4183,4241
948,-1,-1
949,4243,4255
950,4257,4262
951,-1,-1
952,4267,4276
953,4278,4283
954,4285,4295
955,4297,4302
956,-1,-1
957,4307,4324
958,4326,4331
959,4333,4343
960,4345,4350
961,-1,-1
962,4085,4350
963,-1,-1
964,4369,4382
965,4384,4409
966,4384,4409
967,-1,-1
968,4442,4444
969,4446,4459
970,4461,4486
971,4461,4486
972,-1,-1
973,4507,4507
974,-1,-1
975,4586,4586
976,-1,-1
977,4631,4640
978,4643,4645
979,4647,4656
980,4642,4657
981,-1,-1
982,4642,4658
983,-1,-1
984,-1,-1
985,4672,4672
986,-1,-1
987,4752,4766
988,4768,4773
989,4779,4782
990,4784,4788
991,4790,4798
992,4800,4804
993,4806,4809
994,4811,4815
995,4817,4827
996,-1,-1
997,4775,4830
998,-1,-1
999,4833,4838
1000,-1,-1
1001,4856,4870
1002,-1,-1
1003,4929,4949
1004,-1,-1
1005,5012,5012
1006,5030,5035
1007,5037,5054
1008,5056,5061
1009,-1,-1
1010,5085,5105
1011,-1,-1
1012,5160,5168
1013,5170,5175
1014,5177,5198
1015,5200,5205
1016,-1,-1
1017,5234,5254
1018,5257,5261
1019,5263,5283
1020,5256,5284
1021,-1,-1
1022,5256,5285
1023,-1,-1
1024,-1,-1
1025,5312,5324
1026,5326,5341
1027,-1,-1
1028,5345,5347
1029,5312,5347
1030,-1,-1
1031,5364,5364
1032,-1,-1
1033,5547,5561
1034,5566,5579
1035,5584,5605
1036,5608,5610
1037,5612,5625
1038,5607,5626
1039,-1,-1
1040,5547,5627
1041,-1,-1
1042,5685,5686
1043,5688,5709
1044,5711,5712
1045,-1,-1
1046,5740,5756
1047,5759,5763
1048,5765,5781
1049,5758,5782
1050,-1,-1
1051,5758,5783
1052,-1,-1
1053,-1,-1
1054,5806,5814
1055,5820,5824
1056,5827,5841
1057,5845,5869
1058,5826,5870
1059,-1,-1
1060,5816,5873
1061,-1,-1
1062,5900,5904
1063,5906,5921
1064,-1,-1
1065,5942,5952
1066,5955,5959
1067,5961,5971
1068,5954,5972
1069,-1,-1
1070,5954,5973
1071,-1,-1
1072,-1,-1
1073,5989,6011
1074,6015,6035
1075,5989,6035
1076,-1,-1
1077,6065,6079
1078,6081,6085
1079,6091,6105
1080,6111,6135
1081,6087,6138
1082,-1,-1
1083,6165,6179
1084,6181,6196
1085,6199,6213
1086,6217,6220
1087,6198,6221
1088,-1,-1
1089,6277,6278
1090,6280,6300
1091,6302,6303
1092,-1,-1
1093,6330,6345
1094,6348,6352
1095,6354,6369
1096,6347,6370
1097,-1,-1
1098,6347,6371
1099,-1,-1
1100,-1,-1
1101,6392,6395
1102,-1,-1
1103,6433,6450
1104,6456,6475
1105,6481,6500
1106,6506,6526
1107,6532,6551
1108,6557,6572
1109,6578,6595
1110,6601,6617
1111,6623,6642
1112,6648,6670
1113,6676,6700
1114,6706,6726
1115,6732,6752
1116,6758,6777
1117,6783,6810
1118,6429,6813
1119,-1,-1
1120,6815,6818
1121,6815,6818
1122,-1,-1
1123,6837,6847
1124,6837,6847
1125,-1,-1
1126,6837,6848
1127,-1,-1
1128,6893,6902
1129,6893,6902
1130,-1,-1
1131,6934,6939
1132,6941,6950
1133,6941,6950
1134,-1,-1
1135,6953,6958
1136,-1,-1
1137,7004,7013
1138,7004,7013
1139,-1,-1
1140,7016,7021
1141,7023,7033
1142,7023,7033
1143,-1,-1
1144,7036,7046
1145,-1,-1
1146,7060,7060
1147,-1,-1
1148,7149,7170
1149,7173,7175
1150,7177,7198
1151,7172,7199
1152,-1,-1
1153,7172,7200
1154,-1,-1
1155,-1,-1
1156,7227,7236
1157,7240,7247
1158,7227,7247
1159,-1,-1
1160,7298,7307
1161,7298,7307
1162,-1,-1
1163,7310,7330
1164,7310,7330
1165,-1,-1
1166,7333,7335
1167,7337,7360
1168,-1,-1
1169,7390,7408
1170,7411,7415
1171,7417,7435
1172,7410,7436
1173,-1,-1
1174,7410,7437
1175,-1,-1
1176,-1,-1
1177,7461,7467
1178,7469,7479
1179,7469,7479
1180,-1,-1
1181,7496,7500
1182,7502,7511
1183,-1,-1
1184,7562,7586
1185,7592,7604
1186,7611,7621
1187,7623,7642
1188,-1,-1
1189,7649,7663
1190,7674,7684
1191,7674,7684
1192,-1,-1
1193,7687,7706
1194,7714,7732
1195,7763,7789
1196,7665,7794
1197,-1,-1
1198,7606,7798
1199,-1,-1
1200,7804,7827
1201,7588,7830
1202,-1,-1
1203,7862,7871
1204,7862,7871
1205,-1,-1
1206,7874,7894
1207,7874,7894
1208,-1,-1
1209,7897,7899
1210,-1,-1
1211,7917,7926
1212,-1,-1
1213,7952,7957
1214,7963,7975
1215,7977,7989
1216,7977,7989
1217,-1,-1
1218,7996,8008
1219,8010,8022
1220,-1,-1
1221,7959,8025
1222,-1,-1
1223,8027,8032
1224,-1,-1
1225,8037,8046
1226,7952,8046
1227,-1,-1
1228,8064,8073
1229,8064,8073
1230,-1,-1
1231,8076,8092
1232,8076,8092
1233,-1,-1
1234,8095,8097
1235,8099,8108
1236,8099,8108
1237,-1,-1
1238,8128,8137
1239,8128,8137
1240,-1,-1
1241,8140,8156
1242,8140,8156
1243,-1,-1
1244,8159,8161
1245,8163,8173
1246,8163,8173
1247,-1,-1
1248,8176,8185
1249,8176,8185
1250,-1,-1
1251,8202,8207
1252,8209,8218
1253,8220,8225
1254,-1,-1
1255,8259,8264
1256,8270,8290
1257,8292,8312
1258,8292,8312
1259,-1,-1
1260,8319,8339
1261,8341,8361
1262,-1,-1
1263,8266,8364
1264,-1,-1
1265,8366,8371
1266,-1,-1
1267,8397,8406
1268,8397,8406
1269,-1,-1
1270,8409,8425
1271,8409,8425
1272,-1,-1
1273,8428,8430
1274,-1,-1
1275,8456,8465
1276,8456,8465
1277,-1,-1
1278,8468,8484
1279,8468,8484
1280,-1,-1
1281,8487,8489
1282,-1,-1
1283,8516,8521
1284,8527,8540
1285,8542,8554
1286,8542,8554
1287,-1,-1
1288,8561,8573
1289,8575,8588
1290,8575,8588
1291,-1,-1
1292,8523,8592
1293,-1,-1
1294,8594,8599
1295,-1,-1
1296,8618,8627
1297,8618,8627
1298,-1,-1
1299,8630,8637
1300,8639,8649
1301,8639,8649
1302,-1,-1
1303,8652,8661
1304,-1,-1
1305,8679,8688
1306,8679,8688
1307,-1,-1
1308,8691,8697
1309,8699,8709
1310,8699,8709
1311,-1,-1
1312,8712,8721
1313,-1,-1
1314,8775,8784
1315,8775,8784
1316,-1,-1
1317,8787,8807
1318,8787,8807
1319,-1,-1
1320,8810,8818
1321,8820,8833
1322,8835,8858
1323,8835,8858
1324,-1,-1
1325,8863,8882
1326,-1,-1
1327,8901,8910
1328,-1,-1
1329,8935,8939
1330,8941,8944
1331,-1,-1
1332,8995,9007
1333,9009,9021
1334,9023,9046
1335,9023,9046
1336,-1,-1
1337,9049,9066
1338,9068,9087
1339,9068,9087
1340,-1,-1
1341,9092,9104
1342,9092,9104
1343,-1,-1
1344,9124,9133
1345,9124,9133
1346,-1,-1
1347,9136,9156
1348,9136,9156
1349,-1,-1
1350,9159,9162
1351,-1,-1
1352,9181,9190
1353,9194,9201
1354,9181,9201
1355,-1,-1
1356,9226,9241
1357,9244,9249
1358,9244,9249
1359,-1,-1
1360,9254,9261
1361,9243,9262
1362,-1,-1
1363,9264,9278
1364,9264,9278
1365,-1,-1
1366,9300,9313
1367,9315,9324
1368,9315,9324
1369,-1,-1
1370,9327,9330
1371,-1,-1
1372,9349,9358
1373,-1,-1
1374,9380,9385
1375,9387,9400
1376,9387,9400
1377,-1,-1
1378,9403,9408
1379,-1,-1
1380,9427,9435
1381,9438,9442
1382,9444,9452
1383,9437,9453
1384,-1,-1
1385,9437,9454
1386,-1,-1
1387,-1,-1
1388,9470,9479
1389,9470,9479
1390,-1,-1
1391,9482,9504
1392,9482,9504
1393,-1,-1
1394,9507,9526
1395,9528,9542
1396,9548,9570
1397,9548,9570
1398,-1,-1
1399,9577,9590
1400,9544,9593
1401,-1,-1
1402,9621,9630
1403,-1,-1
1404,9655,9664
1405,-1,-1
1406,9692,9696
1407,9698,9707
1408,-1,-1
1409,9757,9766
1410,9757,9766
1411,-1,-1
1412,9769,9789
1413,9769,9789
1414,-1,-1
1415,9796,9811
1416,9817,9836
1417,9792,9839
1418,-1,-1
1419,9862,9869
1420,9862,9869
1421,-1,-1
1422,9872,9875
1423,9877,9885
1424,9887,9910
1425,9887,9910
1426,-1,-1
1427,9913,9935
1428,9913,9935
1429,-1,-1
1430,9938,9957
1431,9938,9957
1432,-1,-1
1433,9963,9968
1434,9970,9993
1435,9970,9993
1436,-1,-1
1437,9996,10001
1438,-1,-1
1439,10031,10053
1440,10031,10053
1441,-1,-1
1442,10031,10054
1443,-1,-1
1444,10084,10094
1445,10099,10126
1446,10131,10156
1447,10084,10156
1448,-1,-1
1449,10191,10200
1450,10191,10200
1451,-1,-1
1452,10203,10210
1453,10203,10210
1454,-1,-1
1455,10213,10216
1456,10218,10243
1457,-1,-1
1458,10276,10296
1459,10299,10303
1460,10305,10325
1461,10298,10326
1462,-1,-1
1463,10298,10327
1464,-1,-1
1465,-1,-1
1466,10355,10365
1467,10370,10383
1468,10386,10395
1469,10399,10404
1470,10406,10409
1471,10411,10416
1472,-1,-1
1473,10385,10417
1474,-1,-1
1475,10355,10418
1476,-1,-1
1477,10433,10442
1478,-1,-1
1479,10462,10471
1480,-1,-1
1481,10498,10501
1482,10503,10511
1483,10513,10536
1484,10513,10536
1485,-1,-1
1486,10539,10561
1487,10563,10582
1488,10563,10582
1489,-1,-1
1490,10585,10590
1491,10594,10621
1492,10623,10628
1493,-1,-1
1494,10662,10688
1495,10662,10688
1496,-1,-1
1497,10662,10689
1498,-1,-1
1499,10723,10733
1500,10738,10769
1501,10774,10799
1502,10723,10799
1503,-1,-1
1504,10838,10847
1505,10838,10847
1506,-1,-1
1507,10850,10853
1508,10855,10884
1509,-1,-1
1510,10921,10945
1511,10948,10952
1512,10954,10978
1513,10947,10979
1514,-1,-1
1515,10947,10980
1516,-1,-1
1517,-1,-1
1518,11011,11024
1519,11026,11045
1520,11026,11045
1521,-1,-1
1522,11072,11076
1523,11078,11094
1524,-1,-1
1525,11118,11132
1526,11137,11157
1527,11162,11176
1528,11118,11176
1529,-1,-1
1530,11226,11235
1531,11226,11235
1532,-1,-1
1533,11238,11258
1534,11238,11258
1535,-1,-1
1536,11261,11266
1537,11268,11278
1538,11280,11303
1539,11280,11303
1540,-1,-1
1541,11308,11330
1542,11308,11330
1543,-1,-1
1544,11333,11352
1545,11333,11352
1546,-1,-1
1547,11355,11365
1548,-1,-1
1549,11381,11390
1550,-1,-1
1551,11406,11411
1552,11413,11426
1553,11428,11433
1554,-1,-1
1555,11452,11464
1556,11452,11464
1557,-1,-1
1558,11452,11465
1559,-1,-1
1560,-1,-1
1561,11483,11493
1562,11497,11522
1563,11483,11522
1564,-1,-1
1565,11567,11576
1566,11567,11576
1567,-1,-1
1568,11583,11603
1569,11583,11603
1570,-1,-1
1571,11606,11610
1572,11606,11610
1573,-1,-1
1574,11617,11621
1575,11623,11643
1576,11623,11643
1577,-1,-1
1578,11579,11647
1579,-1,-1
1580,11649,11653
1581,11655,11664
1582,11666,11689
1583,11666,11689
1584,-1,-1
1585,11692,11714
1586,11692,11714
1587,-1,-1
1588,11717,11736
1589,11717,11736
1590,-1,-1
1591,11741,11750
1592,-1,-1
1593,11765,11774
1594,-1,-1
1595,11789,11794
1596,11796,11808
1597,11810,11815
1598,-1,-1
1599,11833,11844
1600,11833,11844
1601,-1,-1
1602,11833,11845
1603,-1,-1
1604,-1,-1
1605,11862,11872
1606,11876,11901
1607,11862,11901
1608,-1,-1
1609,11952,11961
1610,11952,11961
1611,-1,-1
1612,11964,11984
1613,11964,11984
1614,-1,-1
1615,11987,11994
1616,11996,12008
1617,12014,12018
1618,12020,12024
1619,12030,12052
1620,12010,12055
1621,-1,-1
1622,12058,12077
1623,12058,12077
1624,-1,-1
1625,12080,12092
1626,-1,-1
1627,12110,12119
1628,-1,-1
1629,12137,12142
1630,12144,12159
1631,12161,12166
1632,-1,-1
1633,12187,12201
1634,12187,12201
1635,-1,-1
1636,12187,12202
1637,-1,-1
1638,-1,-1
1639,12224,12250
1640,12255,12280
1641,12224,12280
1642,-1,-1
1643,12314,12342
1644,12347,12373
1645,12378,12409
1646,12414,12443
1647,12448,12483
1648,12488,12508
1649,12314,12508
1650,-1,-1
1651,12577,12601
1652,12603,12615
1653,12617,12631
1654,12633,12659
1655,-1,-1
1656,12724,12736
1657,12738,12750
1658,12752,12775
1659,12752,12775
1660,-1,-1
1661,12778,12795
1662,12797,12816
1663,12797,12816
1664,-1,-1
1665,12892,12907
1666,12909,12932
1667,12909,12932
1668,-1,-1
1669,12935,12950
1670,12956,12961
1671,12956,12961
1672,-1,-1
1673,12968,12975
1674,12952,12978
1675,-1,-1
1676,12980,12999
1677,12980,12999
1678,-1,-1
1679,13071,13084
1680,13086,13101
1681,13103,13122
1682,13103,13122
1683,-1,-1
1684,13125,13151
1685,-1,-1
1686,13234,13243
1687,13234,13243
1688,-1,-1
1689,13246,13266
1690,13246,13266
1691,-1,-1
1692,13269,13283
1693,13285,13298
1694,13300,13322
1695,13300,13322
1696,-1,-1
1697,13327,13346
1698,13327,13346
1699,-1,-1
1700,13349,13368
1701,13349,13368
1702,-1,-1
1703,13426,13441
1704,13443,13466
1705,13443,13466
1706,-1,-1
1707,13469,13484
1708,13486,13486
1709,-1,-1
1710,-1,-1
1711,13514,13533
1712,13514,13533
1713,-1,-1
1714,13536,13551
1715,-1,-1
1716,13574,13583
1717,13574,13583
1718,-1,-1
1719,13586,13606
1720,13586,13606
1721,-1,-1
1722,13609,13612
1723,13614,13614
1724,-1,-1
1725,-1,-1
1726,13653,13662
1727,-1,-1
1728,13722,13731
1729,13722,13731
1730,-1,-1
1731,13734,13739
1732,13741,13750
1733,-1,-1
1734,13803,13812
1735,13803,13812
1736,-1,-1
1737,13815,13835
1738,13815,13835
1739,-1,-1
1740,13838,13846
1741,13848,13862
1742,13864,13886
1743,13864,13886
1744,-1,-1
1745,13891,13910
1746,13891,13910
1747,-1,-1
1748,13913,13926
1749,-1,-1
1750,13945,13950
1751,13952,13968
1752,13970,13975
1753,-1,-1
1754,13997,14012
1755,13997,14012
1756,-1,-1
1757,13997,14013
1758,-1,-1
1759,-1,-1
1760,14034,14044
1761,14048,14073
1762,14034,14073
1763,-1,-1
1764,14126,14139
1765,14141,14156
1766,14158,14177
1767,14158,14177
1768,-1,-1
1769,14184,14193
1770,14199,14217
1771,14223,14249
1772,14180,14252
1773,-1,-1
1774,14273,14282
1775,14273,14282
1776,-1,-1
1777,14285,14305
1778,14285,14305
1779,-1,-1
1780,14308,14316
1781,14318,14341
1782,14318,14341
1783,-1,-1
1784,14344,14359
1785,-1,-1
1786,14380,14393
1787,14395,14404
1788,14395,14404
1789,-1,-1
1790,14407,14410
1791,-1,-1
1792,14461,14487
1793,14492,14519
1794,14524,14549
1795,14461,14549
1796,-1,-1
1797,14582,14587
1798,14589,14596
1799,14598,14605
1800,-1,-1
1801,14638,14644
1802,14646,14653
1803,14655,14662
1804,-1,-1
1805,14694,14698
1806,14700,14707
1807,14709,14716
1808,14718,14737
1809,14718,14737
1810,-1,-1
1811,14764,14768
1812,14770,14790
1813,-1,-1
1814,14857,14872
1815,14874,14894
1816,14896,14901
1817,14903,14929
1818,14903,14929
1819,-1,-1
1820,14932,14937
1821,-1,-1
1822,14969,14994
1823,14969,14994
1824,-1,-1
1825,14969,14995
1826,-1,-1
1827,15028,15052
1828,15057,15083
1829,15088,15117
1830,15028,15117
1831,-1,-1
1832,15149,15149
1833,15176,15180
1834,15182,15203
1835,-1,-1
1836,15236,15245
1837,15247,15251
1838,15253,15267
1839,-1,-1
1840,15304,15316
1841,15318,15322
1842,15324,15324
1843,-1,-1
1844,15373,15393
1845,15396,15400
1846,15402,15422
1847,15395,15423
1848,-1,-1
1849,15395,15424
1850,-1,-1
1851,-1,-1
1852,15450,15459
1853,15462,15464
1854,15466,15475
1855,15461,15476
1856,-1,-1
1857,15461,15477
1858,-1,-1
1859,-1,-1
1860,15529,15533
1861,15538,15548
1862,15553,15559
1863,15564,15568
1864,15573,15577
1865,15582,15585
1866,15590,15597
1867,15602,15609
1868,15614,15620
1869,15625,15630
1870,15635,15642
1871,15647,15652
1872,15657,15663
1873,15666,15671
1874,15673,15673
1875,15689,15694
1876,15665,15695
1877,-1,-1
1878,15701,15704
1879,15709,15729
1880,15734,15750
1881,15529,15750
1882,-1,-1
1883,15777,15796
1884,15777,15796
1885,-1,-1
1886,15777,15797
1887,-1,-1
1888,15825,15825
1889,15881,15886
1890,15888,15890
1891,15892,15897
1892,15877,15900
1893,-1,-1
1894,15922,15922
1895,-1,-1
1896,28,29
1897,16111,16126
1898,16130,16147
1899,16151,16163
1900,16100,16300
1901,-1,-1
1902,16166,16180
1903,16100,16300
1904,-1,-1
1905,16186,16206
1906,16211,16227
1907,16232,16247
1908,16252,16253
1909,16255,16258
1910,16282,16299
1911,16100,16300
1912,-1,-1
1913,537,561
1914,16271,16272
1915,16274,16277
1916,16100,16300
1917,-1,-1
1918,16100,16300
1919,-1,-1
1920,-1,-1
1921,16341,16350
1922,-1,-1
1923,16396,16405
1924,-1,-1
1925,16457,16459
1926,16461,16467
1927,16471,16473
1928,16475,16481
1929,16457,16481
1930,-1,-1
1931,16517,16522
1932,16524,16549
1933,16524,16549
1934,-1,-1
1935,16552,16557
1936,-1,-1
1937,16589,16609
1938,16612,16616
1939,16618,16638
1940,16611,16639
1941,-1,-1
1942,16611,16640
1943,-1,-1
1944,-1,-1
1945,16667,16676
1946,16678,16682
1947,-1,-1
1948,16666,16683
1949,-1,-1
1950,16686,16692
1951,-1,-1
1952,16744,16758
1953,16744,16758
1954,-1,-1
1955,16761,16763
1956,16765,16778
1957,16780,16792
1958,16780,16792
1959,-1,-1
1960,16835,16852
1961,16854,16861
1962,-1,-1
1963,16907,16916
1964,-1,-1
1965,16945,16946
1966,16948,16961
1967,16963,16987
1968,16963,16987
1969,-1,-1
1970,17007,17016
1971,17019,17021
1972,17023,17032
1973,17018,17033
1974,-1,-1
1975,17018,17034
1976,-1,-1
1977,-1,-1
1978,17064,17069
1979,17071,17085
1980,17071,17085
1981,-1,-1
1982,17088,17093
1983,-1,-1
1984,17108,17116
1985,17108,17116
1986,-1,-1
1987,17108,17117
1988,-1,-1
1989,17137,17150
1990,17137,17150
1991,-1,-1
1992,17137,17151
1993,-1,-1
1994,17172,17177
1995,17179,17193
1996,17179,17193
1997,-1,-1
1998,17196,17201
1999,17206,17211
2000,17213,17227
2001,17213,17227
2002,-1,-1
2003,17230,17235
2004,17240,17245
2005,17247,17261
2006,17247,17261
2007,-1,-1
2008,17264,17269
2009,17366,17375
2010,17380,17386
2011,17391,17397
2012,17402,17409
2013,17414,17439
2014,17172,17439
2015,-1,-1
2016,17472,17472
2017,17567,17580
2018,17585,17611
2019,17613,17615
2020,17620,17647
2021,17649,17652
2022,17472,17652
2023,-1,-1
2024,17683,17694
2025,17683,17694
2026,-1,-1
2027,17697,17713
2028,17715,17732
2029,17715,17732
2030,-1,-1
2031,17754,17763
2032,17766,17770
2033,17772,17781
2034,17765,17782
2035,-1,-1
2036,17765,17783
2037,-1,-1
2038,-1,-1
2039,17829,17843
2040,17829,17843
2041,-1,-1
2042,17846,17863
2043,17868,17884
2044,17829,17884
2045,-1,-1
2046,17907,17909
2047,17911,17920
2048,-1,-1
2049,17954,17956
2050,17958,17958
2051,-1,-1
2052,-1,-1
2053,18021,18035
2054,18037,18053
2055,-1,-1
2056,18059,18077
2057,18081,18100
2058,18058,18101
2059,-1,-1
2060,18103,18114
2061,18103,18114
2062,-1,-1
2063,18117,18133
2064,-1,-1
2065,18138,18158
2066,18021,18158
2067,-1,-1
2068,18182,18198
2069,18182,18198
2070,-1,-1
2071,18182,18199
2072,-1,-1
2073,18249,18256
2074,18258,18267
2075,18269,18273
2076,-1,-1
2077,18333,18334
2078,18338,18339
2079,18341,18341
2080,-1,-1
2081,-1,-1
2082,18332,18360
2083,-1,-1
2084,18362,18365
2085,-1,-1
2086,18413,18428
2087,18430,18452
2088,18430,18452
2089,-1,-1
2090,18458,18467
2091,18472,18486
2092,18491,18508
2093,18513,18527
2094,18532,18552
2095,18557,18574
2096,18579,18600
2097,18605,18628
2098,18633,18648
2099,18653,18678
2100,18683,18701
2101,18706,18724
2102,18729,18747
2103,18752,18777
2104,18413,18777
2105,-1,-1
2106,18799,18808
2107,18811,18816
2108,18818,18831
2109,18833,18838
2110,-1,-1
2111,18810,18839
2112,-1,-1
2113,18887,18893
2114,18898,18910
2115,18915,18932
2116,18937,18954
2117,18959,18967
2118,18972,18983
2119,18988,19001
2120,19006,19014
2121,19019,19029
2122,19034,19046
2123,19051,19065
2124,18887,19065
2125,-1,-1
2126,19084,19089
2127,19091,19109
2128,19091,19109
2129,-1,-1
2130,19112,19117
2131,-1,-1
2132,19143,19160
2133,19163,19167
2134,19169,19186
2135,19162,19187
2136,-1,-1
2137,19162,19188
2138,-1,-1
2139,-1,-1
2140,19190,19194
2141,19190,19194
2142,-1,-1
2143,19219,19228
2144,-1,-1
2145,19253,19258
2146,19261,19284
2147,19288,19292
2148,19260,19293
2149,-1,-1
2150,19295,19300
2151,-1,-1
2152,19331,19353
2153,19356,19360
2154,19362,19384
2155,19355,19385
2156,-1,-1
2157,19355,19386
2158,-1,-1
2159,-1,-1
2160,19388,19392
2161,19388,19392
2162,-1,-1
2163,19422,19431
2164,19433,19437
2165,19439,19448
2166,-1,-1
2167,19473,19490
2168,19492,19497
2169,19499,19501
2170,19503,19507
2171,19509,19518
2172,19520,19524
2173,19526,19530
2174,19532,19536
2175,19538,19547
2176,19549,19553
2177,19555,19558
2178,19560,19564
2179,19568,19577
2180,19579,19583
2181,19585,19589
2182,19591,19595
2183,19597,19606
2184,19608,19613
2185,-1,-1
2186,19618,19634
2187,19636,19641
2188,19643,19655
2189,19657,19661
2190,19663,19672
2191,19674,19679
2192,-1,-1
2193,19684,19701
2194,19703,19708
2195,19710,19722
2196,19724,19728
2197,19730,19739
2198,19741,19746
2199,-1,-1
2200,19473,19746
2201,-1,-1
2202,19787,19790
2203,19829,19832
2204,19834,19836
2205,19838,19847
2206,19884,19887
2207,19889,19894
2208,19896,19922
2209,19924,19929
2210,-1,-1
2211,19962,19965
2212,19967,19969
2213,19971,19974
2214,19787,20013
2215,-1,-1
2216,20066,20070
2217,20072,20074
2218,20076,20085
2219,20128,20132
2220,20134,20139
2221,20141,20167
2222,20169,20174
2223,-1,-1
2224,20213,20217
2225,20219,20221
2226,20223,20226
2227,20066,20270
2228,-1,-1
2229,20312,20317
2230,20319,20335
2231,20319,20335
2232,-1,-1
2233,20338,20347
2234,20338,20347
2235,-1,-1
2236,20350,20355
2237,-1,-1
2238,20379,20390
2239,20379,20390
2240,-1,-1
2241,20393,20416
2242,20418,20423
2243,20418,20423
2244,-1,-1
2245,20426,20440
2246,20426,20440
2247,-1,-1
2248,20443,20444
2249,-1,-1
2250,20449,20460
2251,20462,20463
2252,-1,-1
2253,20379,20463
2254,-1,-1
2255,20494,20499
2256,20501,20522
2257,20501,20522
2258,-1,-1
2259,20525,20530
2260,20535,20549
2261,20494,20549
2262,-1,-1
2263,20578,20594
2264,20597,20601
2265,20603,20619
2266,20596,20620
2267,-1,-1
2268,20596,20621
2269,-1,-1
2270,-1,-1
2271,20670,20679
2272,20685,20699
2273,20701,20714
2274,20701,20714
2275,-1,-1
2276,20681,20718
2277,-1,-1
2278,20737,20742
2279,20744,20761
2280,20763,20768
2281,-1,-1
2282,20793,20809
2283,20812,20816
2284,20818,20834
2285,20811,20835
2286,-1,-1
2287,20811,20836
2288,-1,-1
2289,-1,-1
2290,20860,20876
2291,20860,20876
2292,-1,-1
2293,20883,20892
2294,20894,20898
2295,20894,20898
2296,-1,-1
2297,20901,20910
2298,-1,-1
2299,20916,20930
2300,20879,20933
2301,-1,-1
2302,20957,20960
2303,20965,20971
2304,20974,20979
2305,20981,20981
2306,20997,21002
2307,20973,21003
2308,-1,-1
2309,20957,21004
2310,-1,-1
2311,21067,21069
2312,21072,21081
2313,21085,21091
2314,21071,21092
2315,-1,-1
2316,21095,21097
2317,21099,21116
2318,21094,21117
2319,-1,-1
2320,21235,21240
2321,21242,21249
2322,21251,21256
2323,-1,-1
2324,21314,21319
2325,21321,21330
2326,21332,21337
2327,-1,-1
2328,21380,21385
2329,21387,21392
2330,21397,21402
2331,21404,21416
2332,21418,21422
2333,21424,21441
2334,21443,21448
2335,-1,-1
2336,21380,21448
2337,-1,-1
2338,21472,21484
2339,21487,21491
2340,21493,21505
2341,21486,21506
2342,-1,-1
2343,21486,21507
2344,-1,-1
2345,-1,-1
2346,21527,21536
2347,21538,21542
2348,-1,-1
2349,21526,21543
2350,-1,-1
2351,21546,21555
2352,-1,-1
2353,21603,21612
2354,-1,-1
2355,21660,21668
2356,21670,21673
2357,21670,21673
2358,-1,-1
2359,21676,21678
2360,21680,21698
2361,-1,-1
2362,21723,21740
2363,21743,21745
2364,21747,21764
2365,21742,21765
2366,-1,-1
2367,21742,21766
2368,-1,-1
2369,-1,-1
2370,21790,21799
2371,21801,21818
2372,21801,21818
2373,-1,-1
2374,21824,21841
2375,21790,21841
2376,-1,-1
2377,21864,21879
2378,21864,21879
2379,-1,-1
2380,21864,21880
2381,-1,-1
2382,21902,21909
2383,21914,21917
2384,21922,21925
2385,21930,21935
2386,21937,21963
2387,21965,21970
2388,-1,-1
2389,21902,21970
2390,-1,-1
2391,22019,22031
2392,22033,22038
2393,22041,22041
2394,22059,22063
2395,22040,22064
2396,-1,-1
2397,22067,22076
2398,22078,22083
2399,-1,-1
2400,22146,22157
2401,22159,22164
2402,22166,22175
2403,22177,22182
2404,-1,-1
2405,22840,22857
2406,22863,22882
2407,22888,22905
2408,22911,22932
2409,22938,22956
2410,22962,22977
2411,22983,23001
2412,23007,23030
2413,22859,23033
2414,-1,-1
2415,22859,23034
2416,-1,-1
2417,-1,-1
2418,23036,23051
2419,23036,23051
2420,-1,-1
2421,23036,23053
2422,-1,-1
2423,-1,-1
2424,23080,23108
2425,23080,23108
2426,-1,-1
2427,23111,23127
2428,23132,23160
2429,23080,23160
2430,-1,-1
2431,23184,23186
2432,23188,23191
2433,23194,23199
2434,23201,23214
2435,23216,23221
2436,-1,-1
2437,23193,23222
2438,-1,-1
2439,23252,23254
2440,23260,23273
2441,23279,23288
2442,23295,23317
2443,23324,23329
2444,23331,23344
2445,23346,23351
2446,-1,-1
2447,23290,23355
2448,-1,-1
2449,23256,23359
2450,-1,-1
2451,23384,23386
2452,23388,23391
2453,-1,-1
2454,23413,23418
2455,23420,23446
2456,23448,23453
2457,-1,-1
2458,23478,23505
2459,23507,23510
2460,-1,-1
2461,23540,23567
2462,23569,23576
2463,-1,-1
2464,23641,23646
2465,23648,23674
2466,23648,23674
2467,-1,-1
2468,23677,23682
2469,-1,-1
2470,23716,23737
2471,23740,23744
2472,23746,23767
2473,23739,23768
2474,-1,-1
2475,23739,23769
2476,-1,-1
2477,-1,-1
2478,23798,23810
2479,23798,23810
2480,-1,-1
2481,23817,23826
2482,23850,23859
2483,23865,23872
2484,23813,23875
2485,-1,-1
2486,23899,23916
2487,23918,23942
2488,23918,23942
2489,-1,-1
2490,23974,23997
2491,23974,23997
2492,-1,-1
2493,23974,23998
2494,-1,-1
2495,24028,24037
2496,24039,24043
2497,24045,24062
2498,-1,-1
2499,24082,24094
2500,24082,24094
2501,-1,-1
2502,24082,24095
2503,-1,-1
2504,24113,24122
2505,24124,24128
2506,-1,-1
2507,28,29
2508,24337,24349
2509,24354,24363
2510,24368,24382
2511,24387,24411
2512,24416,24430
2513,24435,24444
2514,24449,24459
2515,24654,24661
2516,24666,24674
2517,24679,24684
2518,24686,24689
2519,24691,24696
2520,-1,-1
2521,24330,24697
2522,-1,-1
2523,615,643
2524,680,680
2525,24502,24509
2526,715,726
2527,24560,24563
2528,24606,24608
2529,24610,24613
2530,24619,24621
2531,24623,24630
2532,24330,24697
2533,-1,-1
2534,24330,24697
2535,-1,-1
2536,24330,24697
2537,-1,-1
2538,-1,-1
2539,24736,24740
2540,24742,24751
2541,24742,24751
2542,-1,-1
2543,24754,24758
2544,24754,24758
2545,-1,-1
2546,24761,24764
2547,-1,-1
2548,24805,24813
2549,24815,24837
2550,24815,24837
2551,-1,-1
2552,24841,24843
2553,24845,24859
2554,24840,24860
2555,-1,-1
2556,24876,24885
2557,-1,-1
2558,24915,24920
2559,24922,24944
2560,24922,24944
2561,-1,-1
2562,24947,24952
2563,-1,-1
2564,24981,24998
2565,25001,25005
2566,25007,25024
2567,25000,25025
2568,-1,-1
2569,25000,25026
2570,-1,-1
2571,-1,-1
2572,25051,25062
2573,25064,25078
2574,-1,-1
2575,25082,25085
2576,25050,25086
2577,-1,-1
2578,25089,25093
2579,25095,25104
2580,25088,25105
2581,-1,-1
2582,25146,25155
2583,25146,25155
2584,-1,-1
2585,25146,25156
2586,-1,-1
2587,25233,25242
2588,25233,25242
2589,-1,-1
2590,25245,25273
2591,25275,25280
2592,25275,25280
2593,-1,-1
2594,25283,25296
2595,25298,25301
2596,-1,-1
2597,25337,25342
2598,25345,25371
2599,25373,25386
2600,25373,25386
2601,-1,-1
2602,25344,25388
2603,-1,-1
2604,25391,25396
2605,-1,-1
2606,25430,25451
2607,25454,25458
2608,25460,25481
2609,25453,25482
2610,-1,-1
2611,25453,25483
2612,-1,-1
2613,-1,-1
2614,25512,25521
2615,25512,25521
2616,-1,-1
2617,25524,25528
2618,25524,25528
2619,-1,-1
2620,25531,25534
2621,25539,25552
2622,25554,25568
2623,-1,-1
2624,25512,25568
2625,-1,-1
2626,25589,25598
2627,25589,25598
2628,-1,-1
2629,25589,25599
2630,-1,-1
2631,25669,25674
2632,25676,25679
2633,25681,25686
2634,-1,-1
2635,25726,25731
2636,25733,25736
2637,25738,25742
2638,25744,25747
2639,25749,25754
2640,-1,-1
2641,25815,25829
2642,25832,25834
2643,25836,25850
2644,25831,25851
2645,-1,-1
2646,25831,25852
2647,-1,-1
2648,-1,-1
2649,25854,25877
2650,25854,25877
2651,-1,-1
2652,25909,25936
2653,25938,25940
2654,-1,-1
2655,25972,25975
2656,25977,25980
2657,-1,-1
2658,26006,26008
2659,-1,-1
2660,26036,26043
2661,-1,-1
2662,26099,26103
2663,26105,26125
2664,-1,-1
2665,26152,26166
2666,26169,26173
2667,26175,26189
2668,26168,26190
2669,-1,-1
2670,26168,26191
2671,-1,-1
2672,-1,-1
2673,26223,26223
2674,27297,27306
2675,27311,27318
2676,27321,27327
2677,27331,27340
2678,27344,27349
2679,27320,27350
2680,-1,-1
2681,27352,27359
2682,26223,27359
2683,-1,-1
2684,27380,27389
2685,27392,27396
2686,27398,27407
2687,27391,27408
2688,-1,-1
2689,27391,27409
2690,-1,-1
2691,-1,-1
2692,27448,27448
2693,-1,-1
2694,28495,28521
2695,28523,28527
2696,-1,-1
2697,28555,28581
2698,28583,28585
2699,-1,-1
2700,28617,28648
2701,28650,28652
2702,28654,28656
2703,-1,-1
2704,28686,28717
2705,28719,28720
2706,28722,28723
2707,-1,-1
2708,28753,28784
2709,28786,28787
2710,28789,28793
2711,-1,-1
2712,28821,28851
2713,28853,28854
2714,-1,-1
2715,28873,28904
2716,28906,28908
2717,28910,28911
2718,-1,-1
2719,28930,28962
2720,28964,28966
2721,28968,28970
2722,28972,28974
2723,-1,-1
2724,28996,29027
2725,29029,29033
2726,29035,29039
2727,-1,-1
2728,29060,29086
2729,29088,29095
2730,-1,-1
2731,29116,29142
2732,29144,29151
2733,-1,-1
2734,29173,29200
2735,29202,29209
2736,-1,-1
2737,29224,29236
2738,29238,29256
2739,29238,29256
2740,-1,-1
2741,29262,29278
2742,29280,29302
2743,-1,-1
2744,29224,29302
2745,-1,-1
2746,29321,29321
2747,29499,29517
2748,29321,29517
2749,-1,-1
2750,29542,29554
2751,29559,29586
2752,29542,29586
2753,-1,-1
2754,29615,29662
2755,29664,29681
2756,29611,29684
2757,-1,-1
2758,29611,29685
2759,-1,-1
2760,29708,29710
2761,-1,-1
2762,29737,29739
2763,29743,29760
2764,29737,29760
2765,-1,-1
2766,29792,29839
2767,29841,29862
2768,29788,29865
2769,-1,-1
2770,29788,29866
2771,-1,-1
2772,29892,29906
2773,29911,29924
2774,29929,29943
2775,29948,29958
2776,29892,29958
2777,-1,-1
2778,29980,30001
2779,29980,30001
2780,-1,-1
2781,30004,30018
2782,30023,30044
2783,30023,30044
2784,-1,-1
2785,30047,30068
2786,29980,30068
2787,-1,-1
2788,30087,30087
2789,-1,-1
2790,30117,30119
2791,-1,-1
2792,30158,30158
2793,-1,-1
2794,30291,30313
2795,30318,30344
2796,30349,30369
2797,30291,30369
2798,-1,-1
2799,30399,30429
2800,30431,30461
2801,30431,30461
2802,-1,-1
2803,30431,30462
2804,-1,-1
2805,30466,30497
2806,30502,30533
2807,30535,30566
2808,30535,30566
2809,-1,-1
2810,30535,30567
2811,-1,-1
2812,30571,30603
2813,30399,30603
2814,-1,-1
2815,30631,30653
2816,30655,30677
2817,30655,30677
2818,-1,-1
2819,30655,30678
2820,-1,-1
2821,-1,-1
2822,30680,30703
2823,30708,30729
2824,30731,30752
2825,30731,30752
2826,-1,-1
2827,30731,30753
2828,-1,-1
2829,-1,-1
2830,30755,30777
2831,30631,30777
2832,-1,-1
2833,30811,30833
2834,30839,30861
2835,30867,30892
2836,30899,30908
2837,30915,30927
2838,30929,30933
2839,30935,30952
2840,-1,-1
2841,30894,30956
2842,-1,-1
2843,30958,30963
2844,-1,-1
2845,30835,30966
2846,-1,-1
2847,30835,30967
2848,-1,-1
2849,-1,-1
2850,30969,30992
2851,30997,31018
2852,31024,31045
2853,31051,31075
2854,31082,31091
2855,31098,31110
2856,31112,31116
2857,31118,31135
2858,-1,-1
2859,31077,31139
2860,-1,-1
2861,31141,31146
2862,-1,-1
2863,31020,31149
2864,-1,-1
2865,31020,31150
2866,-1,-1
2867,-1,-1
2868,31152,31174
2869,30811,31174
2870,-1,-1
2871,-1,-1
